   0.21533 -0.0613256   0.974614
 -0.976185  0.0134292   0.216522
-0.0263666  -0.998028 -0.0569734

  0.219688   -0.05924    0.97377
  -0.97515  0.0159741   0.220971
-0.0286454  -0.998116 -0.0542586

  0.219267 -0.0591476    0.97387
 -0.975259   0.015501   0.220521
-0.0281393  -0.998129 -0.0542853

  0.221025 -0.0606125   0.973383
  -0.97487  0.0147939   0.222284
-0.0278734  -0.998052 -0.0558194

   0.22475 -0.0673766   0.972084
 -0.974004  0.0134897   0.226129
 -0.028349  -0.997637 -0.0625933

  0.227111 -0.0794798    0.97062
 -0.973662 0.00202143   0.227989
-0.0200826  -0.996835 -0.0769274

  0.221948  -0.088946   0.970993
 -0.974542  0.0121834   0.223875
-0.0317429  -0.995962 -0.0839774

  0.234224 -0.0837418   0.968569
 -0.971658  0.0125727   0.236058
-0.0319455  -0.996408 -0.0784236

  0.249528 -0.0898305   0.964192
 -0.967736  0.0128237    0.25164
-0.0349695  -0.995875 -0.0837324

  0.239432  -0.119078   0.963583
 -0.970289 0.00622918   0.241868
-0.0348037  -0.992865  -0.114049

    0.240802    -0.140156     0.960401
   -0.969991 -0.000463405     0.243139
  -0.0336323     -0.99013    -0.136061

    0.25428   -0.150122    0.955409
  -0.966344 0.000412442    0.257255
 -0.0390138   -0.988668   -0.144965

  0.262032  -0.126074   0.956789
 -0.963786  0.0167276   0.266153
-0.0495598   -0.99188  -0.117126

  0.259029  -0.128995   0.957217
 -0.964553  0.0171805    0.26333
-0.0504138  -0.991496  -0.119973

   0.266384   -0.136288    0.954183
  -0.963138 0.000862383    0.269007
 -0.0374853   -0.990669   -0.131034

   0.270105   -0.153619    0.950497
  -0.962194 -0.00717208     0.27227
  -0.035009   -0.988104   -0.149749

   0.277194   -0.124642    0.952695
  -0.960356 -0.00533988    0.278724
 -0.0296536   -0.992187   -0.121181

  0.275199  -0.120847   0.953762
 -0.961108 -0.0106876   0.275964
-0.0231561  -0.992614  -0.119088

  0.252211  -0.132352   0.958579
 -0.967407 -0.0112699   0.252978
-0.0226791  -0.991139  -0.130881

   0.255506   -0.140158    0.956594
   -0.96622 -0.00254999    0.257704
   -0.03368   -0.990126   -0.136075

  0.255707  -0.107901   0.960714
 -0.966075 0.00871564   0.258113
-0.0362239  -0.994124  -0.102012

  0.267764  -0.121622   0.955778
 -0.962728  0.0055308   0.270415
-0.0381746  -0.992561  -0.115608

   0.279402   -0.135843    0.950516
  -0.959664 -0.00723545    0.281057
 -0.0313023   -0.990704   -0.132385

  0.292982  -0.118828   0.948705
 -0.955821 -0.0116979   0.293715
-0.0238037  -0.992846  -0.117006

  0.282534  -0.115292   0.952304
 -0.959138 -0.0182809   0.282349
-0.0151436  -0.993163  -0.115746

  0.245664  -0.128608   0.960786
 -0.969291 -0.0212324   0.244997
-0.0111087  -0.991468  -0.129874

   0.221919   -0.138036    0.965245
  -0.975064  -0.0298233    0.219912
-0.00156908   -0.989978   -0.141213

   0.236023   -0.106135    0.965934
  -0.971598 -0.00835085     0.23649
 -0.0170336   -0.994317   -0.105092

   0.252525    -0.10241    0.962156
  -0.967288 -0.00186902    0.253673
 -0.0241804   -0.994741  -0.0995319

  0.278356  -0.136336   0.950753
 -0.960214 -0.0162764   0.278792
-0.0225345  -0.990529  -0.135442

  0.281537  -0.161419   0.945876
 -0.959356 -0.0274943   0.280857
-0.0193294  -0.986503  -0.162599

  0.278586  -0.129244   0.951675
 -0.960251 -0.0193838   0.278464
-0.0175429  -0.991423  -0.129507

   0.268658   -0.129946     0.95443
  -0.962874 -0.00908908    0.269797
 -0.0263842    -0.99148   -0.127564

  0.237968  -0.165064   0.957144
 -0.971065 -0.0200482   0.237972
-0.0200917  -0.986079  -0.165059

   0.243595   -0.145775    0.958859
  -0.969419 -0.00620185    0.245335
  -0.029817   -0.989299   -0.142828

  0.249531  -0.121574   0.960705
 -0.967783 0.00314121   0.251767
-0.0336262  -0.992577  -0.116874

  0.249253  -0.160522   0.955042
 -0.968289 -0.0239987   0.248677
-0.0169984   -0.98674  -0.161414

   0.267997   -0.173217     0.94772
  -0.963403  -0.0422893    0.264702
-0.00577248   -0.983975   -0.178211

   0.277688   -0.150055     0.94888
  -0.960667  -0.0403295     0.27476
-0.00296118   -0.987855   -0.155352

  0.271863  -0.155721   0.949653
  -0.96221 -0.0280382    0.27086
-0.0155522  -0.987403  -0.157459

  0.250026  -0.186871   0.950035
 -0.968122 -0.0330083   0.248293
-0.0150398   -0.98183  -0.189167

  0.251401  -0.196244    0.94778
 -0.967511  -0.023802   0.251707
-0.0268368  -0.980266  -0.195852

   0.257003   -0.169505    0.951429
  -0.965759 -0.00890051    0.259288
 -0.0354825   -0.985489   -0.165989

  0.255787  -0.169421   0.951772
 -0.966325 -0.0162104   0.256813
-0.0280809  -0.985411  -0.167862

  0.262762  -0.192571   0.945448
 -0.964659 -0.0324048   0.261501
-0.0197205  -0.980748   -0.19428

   0.267552   -0.188811    0.944863
  -0.963537  -0.0488799    0.263072
-0.00348606   -0.980796   -0.195004

   0.254946   -0.168436    0.952172
  -0.966954  -0.0426826    0.251353
-0.00169566   -0.984788   -0.173751

   0.219729   -0.210821    0.952509
  -0.975516  -0.0381684    0.216589
-0.00930583   -0.976779   -0.214046

  0.218247  -0.211345   0.952734
 -0.975726 -0.0291804   0.217041
-0.0180694  -0.976976  -0.212584

  0.233659  -0.190449   0.953485
 -0.971957 -0.0190193   0.234387
-0.0265043  -0.981513  -0.189552

  0.249206  -0.197688   0.948059
 -0.967724 -0.0129319   0.251679
-0.0374939   -0.98018  -0.194531

  0.265597  -0.221824   0.938218
 -0.963691 -0.0332997   0.264935
-0.0275267  -0.974518  -0.222614

  0.275094  -0.230923   0.933273
 -0.961276 -0.0494411   0.271115
-0.0164647  -0.971715  -0.235581

  0.270052  -0.210174   0.939627
 -0.962766 -0.0463439   0.266336
 -0.012431  -0.976565  -0.214863

   0.244707   -0.237195    0.940137
  -0.969573  -0.0530141    0.238994
-0.00684762   -0.970015   -0.242951

   0.250135   -0.252039    0.934831
  -0.968169  -0.0560799    0.243936
-0.00905607   -0.966091   -0.258043

  0.251076  -0.236016   0.938753
 -0.967689 -0.0379608   0.249272
-0.0231962  -0.971008  -0.237921

  0.273285  -0.213508   0.937939
 -0.961377 -0.0274677   0.273861
-0.0327086  -0.976555  -0.212768

   0.27536  -0.225183   0.934596
 -0.961155 -0.0453365   0.272262
-0.0189376  -0.973261   -0.22892

   0.297529   -0.256176    0.919701
  -0.954667  -0.0703882    0.289234
-0.00935897   -0.964064   -0.265506

  0.305754  -0.230552   0.923775
 -0.952013 -0.0601708   0.300083
-0.0136006  -0.971198  -0.237886

  0.251231  -0.228724   0.940515
 -0.967815 -0.0445616   0.247686
 -0.014741  -0.972471  -0.232558

   0.24449  -0.251909   0.936358
 -0.969427 -0.0427073   0.241635
-0.0208807  -0.966808  -0.254649

  0.223683  -0.212717   0.951166
 -0.974099 -0.0156227   0.225582
-0.0331254  -0.976989  -0.210701

  0.255389  -0.189095   0.948166
 -0.965016  0.0103333   0.261988
-0.0593384  -0.981904  -0.179841

  0.236847  -0.184979   0.953775
 -0.969922  0.0117356   0.243133
-0.0561675  -0.982673  -0.176635

  0.227324  -0.193346   0.954433
 -0.972417 0.00751949    0.23313
-0.0522517  -0.981102  -0.186303

  0.196339  -0.170316   0.965631
 -0.979078  0.0196264   0.202535
-0.0534467  -0.985194  -0.162899

  0.107559  -0.155976   0.981887
   -0.9927  0.0373679    0.11468
-0.0545784  -0.987054  -0.150818

  0.023177  -0.181263   0.983162
 -0.998059   0.052672  0.0332392
-0.0578102  -0.982023  -0.179691

-0.0554005  -0.185063   0.981164
  -0.99499  0.0921386 -0.0388023
-0.0832222  -0.978398   -0.18924

 -0.108471  -0.159997    0.98114
 -0.991502  0.0887204 -0.0951489
-0.0718235  -0.983122  -0.168261

-0.0923034  -0.162709   0.982347
 -0.992488  0.0945867 -0.0775896
-0.0802924   -0.98213  -0.170218

-0.0761358  -0.194224   0.977998
 -0.992292   0.110939 -0.0552168
-0.0977741  -0.974664  -0.201173

-0.121071 -0.186621  0.974943
-0.988293   0.11452 -0.100808
-0.092838 -0.975734 -0.198302

-0.150585  -0.15927  0.975683
-0.983021  0.128795 -0.130693
-0.104847 -0.978798  -0.17596

 -0.21551 -0.182401  0.959315
-0.971348  0.140837 -0.191435
-0.100189 -0.973085 -0.207527

 -0.221149  -0.206637   0.953097
 -0.970297   0.144894  -0.193726
-0.0980673   -0.96763  -0.232542

-0.198426 -0.187834  0.961949
 -0.97372   0.14972 -0.171619
-0.111787 -0.970723 -0.212606

-0.195193 -0.187743  0.962628
-0.973946  0.152645 -0.167718
-0.115452 -0.970285 -0.212646

-0.177286 -0.214577  0.960483
-0.976605  0.159045  -0.14473
-0.121705 -0.963671 -0.237753

-0.157088 -0.229882  0.960457
-0.979686  0.159029  -0.12217
-0.124656 -0.960138 -0.250194

-0.178633  -0.19508  0.964383
-0.975423  0.163613 -0.147582
-0.128995 -0.967044 -0.219512

-0.240093 -0.186617  0.952643
 -0.96143  0.181372 -0.206778
-0.134194 -0.965546 -0.222966

 -0.28432 -0.193741   0.93895
-0.946218   0.21441  -0.24228
-0.154381 -0.957336 -0.244282

 -0.34081 -0.158051  0.926752
-0.927846  0.215396 -0.304479
-0.151495 -0.963652 -0.220056

-0.359353 -0.124849  0.924813
-0.920005  0.213468 -0.328667
-0.156384  -0.96894 -0.191572

-0.409377 -0.131127  0.902893
-0.899211  0.225429 -0.374968
 -0.15437 -0.965395 -0.210197

-0.453423 -0.137537   0.88062
-0.875205  0.255597 -0.410715
-0.168595  -0.95695 -0.236267

-0.500672 -0.112321  0.858319
-0.850239  0.249997 -0.463244
-0.162545  -0.96171 -0.220667

  -0.57597 -0.0976807   0.811614
 -0.802318   0.257819  -0.538344
 -0.156664  -0.961243  -0.226867

-0.644524 -0.106381  0.757147
-0.751792  0.268565 -0.602231
-0.139277 -0.957369 -0.253073

 -0.701544 -0.0870911   0.707285
 -0.699503   0.273755  -0.660117
 -0.136132  -0.957848  -0.252971

-0.709729 -0.056744  0.702186
-0.691753  0.244701 -0.679411
-0.133273 -0.967937 -0.212924

 -0.728258 -0.0662973   0.682089
 -0.671619   0.266955  -0.691132
 -0.136267  -0.961426  -0.238939

 -0.743713 -0.0737594   0.664418
 -0.655152   0.278032  -0.702477
 -0.132915  -0.957736    -0.2551

 -0.773685 -0.0651069   0.630216
 -0.623557   0.254401  -0.739227
 -0.112199  -0.964905  -0.237424

 -0.807528 -0.0442887   0.588164
 -0.579064   0.249178   -0.77627
 -0.112178  -0.967445  -0.226864

 -0.852583 -0.0487546   0.520313
 -0.514077   0.257242  -0.818261
-0.0939522  -0.965117  -0.244383

 -0.877056 -0.0400402   0.478717
 -0.472361   0.253295  -0.844226
-0.0874535   -0.96656  -0.241067

 -0.891268 -0.0186614   0.453093
  -0.44555   0.222041  -0.867285
-0.0844206  -0.974859  -0.206213

 -0.903929 -0.0327545   0.426426
 -0.423131    0.21355  -0.880543
-0.0622214  -0.976383  -0.206893

  -0.90782  -0.029179   0.418343
 -0.412622   0.240259  -0.878646
-0.0748726   -0.97027  -0.230152

  -0.92073 -0.0175315   0.389807
 -0.382856   0.233512  -0.893808
-0.0753549  -0.972196  -0.221714

  -0.935639 -0.00424493    0.352932
  -0.347012    0.193833   -0.917612
 -0.0645147   -0.981025   -0.182831

 -0.950926  0.0111866   0.309216
   -0.3009   0.199436  -0.932569
-0.0721011  -0.979847  -0.186283

 -0.966469  0.0223103   0.255814
 -0.244908   0.219389  -0.944398
-0.0771929  -0.975382  -0.206569

 -0.978287  0.0493116   0.201301
 -0.186938   0.209433  -0.959788
-0.0894878  -0.976579  -0.195667

-0.988075 0.0762299  0.133779
-0.115385  0.208719 -0.971145
-0.101953    -0.975 -0.197434

 -0.994745  0.0922868   0.044344
-0.0231495   0.219163  -0.975414
-0.0997364  -0.971314  -0.215874

 -0.990694   0.120202 -0.0638501
 0.0901871   0.228386  -0.969385
 -0.101939  -0.966122  -0.237101

-0.975327  0.139519  -0.17109
 0.196403  0.194462 -0.961047
-0.100814 -0.970937 -0.217066

 -0.93406  0.177018 -0.310157
 0.340974  0.183898  -0.92191
-0.106157 -0.966875  -0.23213

 -0.880903   0.196536  -0.430562
  0.465402   0.194217  -0.863528
-0.0860923  -0.961069  -0.262554

 -0.816406   0.223717  -0.532384
  0.569946   0.163726  -0.805206
-0.0929733  -0.960804  -0.261174

-0.772397  0.233486 -0.590667
 0.626034  0.122957 -0.770041
-0.107167 -0.964555 -0.241142

-0.706916  0.260124 -0.657727
 0.697659  0.103444 -0.708923
 -0.11637 -0.960018 -0.254604

-0.639098  0.285347 -0.714234
 0.759569 0.0882295 -0.644415
-0.120865 -0.954355 -0.273128

-0.566083  0.280623 -0.775113
 0.817603 0.0710935 -0.571376
-0.105236 -0.957182 -0.269683

 -0.467102   0.267743  -0.842692
  0.879414  0.0416071  -0.474237
-0.0919117  -0.962592  -0.254892

-0.379513  0.281093 -0.881452
 0.921832 0.0338283 -0.386111
-0.078715 -0.959084 -0.271959

-0.336534  0.313809 -0.887845
 0.938304 0.0320814 -0.344321
-0.079568 -0.948944 -0.305245

-0.320029  0.285694 -0.903305
  0.94368  0.011635 -0.330654
-0.083956  -0.95825 -0.273328

 -0.302528   0.285712  -0.909311
  0.949654 0.00883029  -0.313176
-0.0814486  -0.958275  -0.273999

 -0.295606   0.295542  -0.908445
  0.951601 0.00738843  -0.307246
-0.0840921  -0.955301  -0.283422

-0.265968  0.265372 -0.926735
 0.961768  0.007926 -0.273752
-0.065301 -0.964113 -0.257335

  -0.215805     0.23214   -0.948441
   0.975098 0.000384115   -0.221776
  -0.051119   -0.972682   -0.226442

 -0.153973   0.247297  -0.956628
  0.987762   0.014164  -0.155323
-0.0248612  -0.968836  -0.246451

 -0.146434    0.24513  -0.958368
  0.989157  0.0253153  -0.144663
-0.0112001   -0.96916  -0.246179

 -0.147962   0.214507   -0.96545
  0.988672 0.00722517  -0.149915
-0.0251825  -0.976696  -0.213147

 -0.173837    0.20313  -0.963597
  0.984268 0.00446383  -0.176625
-0.0315766  -0.979142   -0.20071

 -0.201232   0.216917  -0.955224
  0.978655 0.00300129  -0.205487
-0.0417067  -0.976186  -0.212891

 -0.193478    0.20048  -0.960403
  0.980699  0.0113914  -0.195189
-0.0281913  -0.979632  -0.198815

 -0.168652    0.18535  -0.968092
   0.98548  0.0121074  -0.169363
-0.0196703  -0.982598    -0.1847

 -0.138974   0.213802  -0.966941
  0.989897 0.00226897  -0.141771
-0.0281171  -0.976875  -0.211958

  -0.128567     0.22909   -0.964877
   0.991065 -0.00515948   -0.133282
 -0.0355118   -0.973392    -0.22638

 -0.140986   0.198409  -0.969926
  0.989756  0.0059687  -0.142648
-0.0225134  -0.980101  -0.197218

 -0.153508   0.200104  -0.967674
  0.987803 0.00520822  -0.155624
-0.0261011  -0.979761  -0.198463

 -0.166585    0.22186  -0.960743
  0.985439 0.00380607  -0.169988
-0.0340569  -0.975071  -0.219264

  -0.152474    0.200931   -0.967667
   0.987726 -0.00260118   -0.156175
 -0.0338974   -0.979602   -0.198068

 -0.124957   0.185027  -0.974757
  0.991341 -0.0166923  -0.130251
-0.0403709  -0.982592  -0.181338

-0.0994935   0.217749  -0.970921
  0.994053 -0.0216702  -0.106724
-0.0442791  -0.975764  -0.214298

 -0.110455   0.240161  -0.964429
  0.992874 -0.0170078  -0.117948
-0.0447294  -0.970584  -0.236571

  -0.107039    0.227412   -0.967898
   0.993957 0.000635338   -0.109772
 -0.0243485   -0.973799   -0.226106

  -0.110335     0.24194   -0.963997
   0.993525 0.000393183   -0.113616
 -0.0271094   -0.970291   -0.240417

 -0.120668   0.262308   -0.95741
  0.992326 0.00564952  -0.123521
-0.0269917  -0.964968  -0.260977

  -0.12728   0.258546  -0.957577
  0.991668  0.0138157  -0.128081
-0.0198853    -0.9659   -0.25815

  -0.122456    0.236741   -0.963825
   0.992028 8.66889e-05   -0.126018
   -0.02975   -0.971573   -0.234864

-0.0948093   0.259644  -0.961039
  0.995238 0.00274637 -0.0974411
-0.0226606  -0.965701  -0.258668

 -0.113642   0.279508  -0.953395
  0.993013 0.00123013  -0.118003
-0.0318101  -0.960143  -0.277694

 -0.117334   0.262057  -0.957893
  0.992717  0.0044226   -0.12039
-0.0273126  -0.965042  -0.260667

 -0.124732   0.269646  -0.954847
  0.991733 0.00467022  -0.128232
-0.0301178  -0.962948  -0.267999

 -0.107561   0.298086   -0.94846
  0.993826 0.00611634  -0.110784
-0.0272219   -0.95452  -0.296903

 -0.109336    0.31964   -0.94121
   0.99353 0.00587369  -0.113419
 -0.030725  -0.947521  -0.318214

  -0.11231   0.295842  -0.948612
   0.99339  0.0106177    -0.1143
-0.0237427  -0.955178  -0.295079

 -0.0720402    0.291562   -0.953835
   0.997378   0.0144975  -0.0708974
-0.00684288   -0.956442   -0.291842

-0.0854079   0.312431  -0.946093
  0.996168 0.00880118 -0.0870219
-0.0188617    -0.9499  -0.311986

 -0.100841   0.283928  -0.953529
  0.994828  0.0170426  -0.100134
-0.0121801  -0.958694  -0.284178

 -0.120883   0.231744  -0.965237
  0.992423 0.00665001  -0.122691
 -0.022014  -0.972754  -0.230791

 -0.143945   0.239934  -0.960058
  0.989172 0.00684084  -0.146601
 -0.028607  -0.970765   -0.23832

-0.152293  0.244051  -0.95773
  0.98822 0.0228014 -0.151331
-0.015095 -0.969494 -0.244649

-0.148202  0.181638 -0.972134
 0.988901 0.0377039 -0.143714
0.0105493 -0.982642  -0.18521

 -0.103924   0.190829  -0.976107
  0.994523  0.0309021 -0.0998433
 0.0111107  -0.981137  -0.192995

 -0.136047   0.212151  -0.967721
  0.990623  0.0167382  -0.135597
-0.0125691  -0.977094  -0.212439

  -0.141507     0.21624   -0.966031
   0.989889    0.021308   -0.140232
-0.00973962   -0.976108   -0.217069

 -0.181081   0.193023   -0.96434
  0.983458    0.04009  -0.176647
0.00456348  -0.980375   -0.19709

  -0.232237    0.194798   -0.952953
   0.972621   0.0378715   -0.229288
-0.00857523   -0.980112    -0.19826

 -0.262316    0.17683  -0.948642
  0.964842  0.0313368  -0.260954
-0.0164171  -0.983742  -0.178833

 -0.296186   0.139809  -0.944843
  0.953531  -0.013938  -0.300972
-0.0552478  -0.990081  -0.129184

 -0.262539    0.15818  -0.951868
  0.962274  -0.030105  -0.270412
-0.0714299  -0.986951  -0.144309

 -0.283748   0.196024  -0.938649
  0.957361 0.00249551  -0.288884
-0.0542859  -0.980596  -0.188374

 -0.290833   0.205635  -0.934415
  0.955903  0.0207897  -0.292946
-0.0408137  -0.978408  -0.202613

 -0.363169     0.2229  -0.904668
  0.930344  0.0339354  -0.365115
-0.0506841  -0.974251  -0.219698

 -0.416375   0.236567  -0.877877
  0.908427  0.0686163  -0.412374
-0.0373173  -0.969189  -0.243474

 -0.491892   0.239429  -0.837088
  0.869339  0.0821949  -0.487334
-0.0478777  -0.967428  -0.248576

 -0.546721   0.256162  -0.797169
  0.834494  0.0886009  -0.543848
-0.0686835  -0.962565  -0.262206

 -0.596331   0.308806  -0.740965
  0.798343    0.13168   -0.58763
-0.0838931  -0.941966  -0.325058

 -0.623042   0.299886  -0.722417
  0.779515   0.161756  -0.605138
-0.0646169  -0.940161  -0.334547

 -0.652083   0.254716  -0.714078
  0.757383   0.176585   -0.62864
-0.0340289  -0.950756  -0.308065

 -0.696966   0.240482  -0.675579
  0.716577   0.197425  -0.668985
-0.0275025  -0.950364  -0.309923

 -0.733821   0.261172  -0.627133
  0.677458   0.212621  -0.704161
-0.0505661  -0.941585  -0.332959

 -0.791822   0.254779  -0.555073
  0.607569   0.235921   -0.75842
-0.0622762  -0.937779  -0.341604

 -0.831569   0.224563  -0.508001
  0.552503   0.240798  -0.797971
-0.0568693  -0.944239  -0.324312

 -0.848782   0.194104  -0.491826
   0.52845   0.280498  -0.801287
-0.0175769  -0.940024  -0.340656

 -0.896103    0.17126  -0.409474
  0.443258   0.297822  -0.845473
-0.0228451  -0.939134  -0.342792

 -0.929184   0.126781  -0.347194
  0.369291    0.27895   -0.88646
-0.0155363    -0.9519  -0.306015

 -0.966115   0.096803   -0.23927
   0.25735   0.290168  -0.921723
-0.0197972  -0.952067  -0.305248

 -0.983913  0.0771772  -0.161121
  0.177548   0.322334  -0.929827
-0.0198267  -0.943475  -0.330851

 -0.998636  0.0266379 -0.0448994
 0.0509442   0.309234   -0.94962
-0.0114115  -0.950613  -0.310169

  -0.999795 -0.00192292    0.020131
 -0.0198828      0.2752   -0.961181
-0.00369182   -0.961385   -0.275182

 -0.996844 -0.0140373  0.0781364
-0.0786655   0.307077  -0.948428
-0.0106806  -0.951581  -0.307213

 -0.986883 -0.0433287   0.155512
 -0.161016   0.333594  -0.928864
-0.0116315  -0.941721  -0.336194

 -0.967102 -0.0586751   0.247529
 -0.252713   0.333096  -0.908396
-0.0291508  -0.941066  -0.336966

 -0.934635  -0.103304   0.340272
 -0.354996   0.327164  -0.875752
-0.0208557  -0.939304  -0.342452

 -0.895506  -0.126289   0.426755
 -0.443393   0.335814  -0.831043
-0.0383589  -0.933424  -0.356719

 -0.839929  -0.148878   0.521876
 -0.539513   0.333078  -0.773295
-0.0586987  -0.931072  -0.360084

 -0.780189  -0.174719   0.600649
  -0.61869   0.357274  -0.699699
-0.0923451  -0.917512  -0.386838

  -0.75884  -0.203596   0.618636
  -0.64716   0.342363  -0.681155
-0.0731177  -0.917244  -0.391558

 -0.689573  -0.236773   0.684418
 -0.720313   0.322217  -0.614269
-0.0750886  -0.916578  -0.392743

-0.573095 -0.261868  0.776523
-0.813042  0.300311 -0.498773
-0.102586 -0.917191 -0.385016

-0.479801 -0.288433  0.828612
-0.870631  0.273412  -0.40896
-0.108595 -0.917634 -0.382302

-0.391728 -0.302215  0.869032
-0.916332  0.213326 -0.338862
-0.082978 -0.929063 -0.360495

 -0.288536  -0.337327   0.896079
 -0.955392   0.163042  -0.246258
-0.0630288  -0.927161  -0.369323

 -0.189579  -0.346597   0.918657
 -0.977894   0.150718   -0.14494
-0.0882222  -0.925826  -0.367509

 -0.101051  -0.304682   0.947079
 -0.992272  0.0997724 -0.0737758
-0.0720141  -0.947214  -0.312409

-0.0479702  -0.294207   0.954537
 -0.994465   0.103506 -0.0180743
-0.0934824   -0.95012  -0.297544

-0.00613629   -0.306081    0.951986
  -0.996561   0.0805391   0.0194712
 -0.0826319   -0.948593   -0.305523

-0.000287624    -0.300943     0.953642
   -0.999141    0.0396129    0.0121994
  -0.0414479    -0.952819    -0.300695

  0.0683029   -0.292376    0.953861
  -0.997643  -0.0137411   0.0672261
-0.00654818   -0.956205   -0.292625

  0.183915  -0.327136   0.926908
 -0.982546 -0.0344099    0.18281
-0.0279089  -0.944351  -0.327754

  0.230276  -0.370756   0.899729
 -0.970695 -0.0222116   0.239286
-0.0687324  -0.928465  -0.365006

  0.228834  -0.339819   0.912227
 -0.972038 -0.0290326   0.233022
-0.0527011  -0.940043  -0.336961

  0.230559  -0.346709   0.909195
 -0.970943 -0.0203898   0.238442
-0.0641318  -0.937751  -0.341335

  0.200117  -0.377399    0.90417
 -0.978257 -0.0256668   0.205801
-0.0544619  -0.925695  -0.374329

  0.167932  -0.371057   0.913299
 -0.984789 -0.0212337   0.172451
-0.0445963  -0.928367  -0.368979

  0.156639  -0.370655   0.915467
 -0.987396 -0.0374882   0.153768
-0.0226759  -0.928014  -0.371856

  0.184207  -0.367888   0.911442
 -0.982624 -0.0903941   0.162107
 0.0227516  -0.925466  -0.378147

  0.201338  -0.360145   0.910911
 -0.979509 -0.0788094   0.185342
0.00503829  -0.929562  -0.368633

  0.240248   -0.34882   0.905873
 -0.970281  -0.058488   0.234808
-0.0289232  -0.935363  -0.352505

  0.240714   -0.34231    0.90823
 -0.969766 -0.0461345   0.239635
-0.0401289  -0.938454  -0.343066

  0.193747  -0.322008     0.9267
 -0.980717 -0.0388996   0.191523
-0.0256237  -0.945938  -0.323335

  0.176455  -0.332907   0.926303
 -0.984102 -0.0403986   0.172947
 -0.020154  -0.942094  -0.334743

   0.197464   -0.248993    0.948162
  -0.980302  -0.0461351    0.192042
-0.00407345   -0.967406   -0.253198

  0.282014  -0.221925   0.933391
 -0.959323 -0.0520866   0.277465
-0.0129594  -0.973672  -0.227587

  0.330278  -0.243722   0.911875
 -0.942998 -0.0433518   0.329964
 -0.040888  -0.968876  -0.244147

  0.358362  -0.267817   0.894344
 -0.932203 -0.0505872   0.358384
-0.0507389  -0.962141  -0.267788

  0.336324   -0.28225   0.898455
 -0.941722 -0.0939238   0.323014
-0.0067843  -0.954732   -0.29739

  0.321372   -0.32358   0.889953
 -0.945977 -0.0670485   0.317224
-0.0429775  -0.943822  -0.327647

  0.277917  -0.322321   0.904915
   -0.9599 -0.0571025   0.274464
-0.0367929  -0.944907  -0.325266

  0.286355   -0.26819   0.919823
 -0.957607 -0.0485953   0.283949
-0.0314533   -0.96214  -0.270736

  0.310636  -0.298051   0.902591
 -0.950384 -0.0808003   0.300403
-0.0166056  -0.951124  -0.308362

  0.349699  -0.318584   0.881031
  -0.93624 -0.0845819   0.341028
-0.0341269  -0.944113   -0.32785

 0.317523 -0.316315  0.893937
-0.946874 -0.156539  0.280936
0.0510723  -0.93565 -0.349215

 0.320111 -0.331864  0.887353
-0.947233 -0.128622  0.293609
 0.016695 -0.934517 -0.355526

 0.300579 -0.328399  0.895436
-0.950874 -0.176129  0.254593
0.0741038 -0.927972 -0.365207

 0.293625 -0.271836  0.916455
-0.950878 -0.181404  0.250846
0.0980592 -0.945092 -0.311747

 0.372652 -0.276464  0.885832
-0.927697 -0.134201   0.34838
 0.022565 -0.951608 -0.306485

 0.349269 -0.382943    0.8552
-0.936315 -0.178102  0.302646
0.0364162 -0.906441  -0.42076

   0.429162   -0.365887    0.825801
  -0.903208   -0.167892    0.395003
-0.00588093    -0.91539   -0.402525

  0.470151  -0.314534   0.824637
  -0.88201  -0.133679   0.451873
-0.0318931  -0.939786  -0.340272

  0.418429  -0.342372   0.841248
 -0.907934  -0.133256   0.397365
-0.0239452  -0.930067   -0.36661

 0.391499 -0.345595  0.852815
-0.920164 -0.152241  0.360723
0.0051693 -0.925952 -0.377607

  0.408134  -0.307491   0.859579
  -0.91292  -0.139307   0.383628
0.00178339  -0.941299   -0.33757

   0.458974   -0.305104    0.834418
  -0.888426   -0.150847    0.433525
-0.00640085   -0.940296   -0.340298

    0.5047  -0.301289   0.809013
 -0.863224  -0.164165   0.477382
-0.0110184  -0.939295  -0.342934

   0.55573  -0.268211    0.78691
 -0.830942   -0.14909   0.536011
-0.0264433  -0.951754  -0.305722

  0.556532  -0.254407   0.790917
 -0.830442  -0.141374    0.53887
-0.0252774  -0.956708  -0.289949

  0.541414  -0.260817   0.799278
 -0.840135  -0.131293   0.526246
-0.0323142  -0.956419  -0.290205

   0.504946   -0.233191    0.831054
  -0.863151    -0.13692    0.486029
0.000450838   -0.962744   -0.270416

  0.501597   -0.20083   0.841467
 -0.865021  -0.103221   0.491002
-0.0117513  -0.974173  -0.225497

   0.55859  -0.210037   0.802411
 -0.828012 -0.0843814   0.554325
-0.0487199  -0.974046  -0.221047

  0.546712  -0.264296   0.794515
 -0.835879  -0.116601   0.536387
-0.0491242  -0.957367  -0.284666

  0.569052  -0.257723   0.780871
 -0.821756  -0.143622   0.551444
-0.0299692  -0.955485  -0.293514

  0.596581  -0.219564   0.771935
 -0.802333  -0.140654   0.580068
-0.0187864  -0.965406  -0.260075

   0.56017   -0.21793   0.799197
 -0.827823  -0.111979     0.5497
-0.0303031  -0.969519  -0.243135

   0.527176   -0.250899    0.811871
  -0.849717   -0.146457     0.50649
-0.00817317    -0.95687   -0.290402

   0.518858   -0.235154    0.821881
   -0.85486    -0.14327    0.498686
0.000482611   -0.961341   -0.275361

   0.534512   -0.220444    0.815906
   -0.84514   -0.132609    0.517835
-0.00595741   -0.966343   -0.257187

 0.563706 -0.230777  0.793081
-0.825856 -0.173811  0.536425
0.0140519 -0.957357 -0.288567

 0.574215 -0.219216   0.78881
-0.817337 -0.209171  0.536851
0.0473095 -0.952991 -0.299282

 0.548087 -0.195476  0.813259
-0.835378 -0.176476  0.520576
0.0417607   -0.9647 -0.260021

 0.468553 -0.240664  0.850023
-0.882636 -0.168452  0.438837
0.0375753 -0.955879 -0.291348

 0.422936 -0.281317  0.861386
-0.904598 -0.186855  0.383129
 0.053174 -0.941247 -0.333507

  0.37076 -0.279124  0.885792
-0.927452 -0.161272  0.337379
0.0486831 -0.946616 -0.318667

 0.337646 -0.282449  0.897896
-0.940923 -0.127292  0.313784
0.0256671 -0.950799 -0.308742

 0.320448 -0.296739  0.899588
-0.947037 -0.121248  0.297355
0.0208361  -0.94723 -0.319876

 0.356853 -0.272558  0.893514
-0.934024 -0.120455  0.336289
0.0159699  -0.95457  -0.29756

 0.341645 -0.238581  0.909042
-0.939716 -0.101747  0.326469
0.0146031 -0.965778 -0.258959

  0.288169   -0.27404    0.91753
  -0.95755 -0.0899954   0.273859
0.00752505  -0.957498  -0.288341

   0.246327   -0.307194    0.919214
  -0.969177  -0.0737051    0.235084
-0.00446559   -0.948788   -0.315881

    0.236944    -0.291324     0.926816
   -0.971523   -0.0701979     0.226308
-0.000868544    -0.954045    -0.299661

  0.279837  -0.279072   0.918592
 -0.959756 -0.0577193   0.274842
  -0.02368  -0.958534  -0.283993

  0.310905  -0.282512   0.907483
 -0.950367 -0.0804849   0.300541
-0.0118676  -0.955882  -0.293513

   0.34625  -0.247346   0.904948
 -0.938119 -0.0980237    0.33215
0.00655027  -0.963956  -0.265981

  0.292957  -0.252413   0.922206
 -0.955929 -0.0969095   0.277145
 0.0194156  -0.962755  -0.269679

  0.241499  -0.294009    0.92479
 -0.970392 -0.0771932   0.228866
0.00409859   -0.95268  -0.303947

 0.199631 -0.302174  0.932115
-0.979485 -0.088236  0.181172
0.0275006  -0.94916  -0.31359

  0.197752  -0.257513   0.945823
 -0.980151 -0.0657861   0.187018
 0.0140624  -0.964033  -0.265411

  0.186554  -0.283049   0.940788
 -0.982266 -0.0720229   0.173109
 0.0187599  -0.956398  -0.291465

  0.101612  -0.298087   0.949115
  -0.99473 -0.0435437  0.0928201
 0.0136595  -0.953545   -0.30094

-0.0161519  -0.282765   0.959053
 -0.999206 -0.0303721 -0.0257829
 0.0364189  -0.958708  -0.282049

-0.194124 -0.264425  0.944667
-0.980394 0.0191084 -0.196117
 0.033807 -0.964217  -0.26295

 -0.344374  -0.272009   0.898564
 -0.938777   0.110162  -0.326438
-0.0101937  -0.955968  -0.293293

 -0.477005  -0.262968   0.838638
 -0.878883   0.136686  -0.457036
0.00555581  -0.955073  -0.296318

  -0.593664   -0.219109    0.774309
  -0.804703    0.166334     -0.5699
-0.00392371   -0.961418   -0.275064

 -0.691566  -0.190586   0.696716
  -0.72155   0.226631  -0.654221
-0.0332121  -0.955152  -0.294247

 -0.763897  -0.181558   0.619272
 -0.644175   0.272112  -0.714838
-0.0387272  -0.944983   -0.32482

 -0.819851  -0.140109    0.55517
 -0.571138   0.268806  -0.775593
-0.0405658   -0.95295  -0.300403

 -0.897537 -0.0984162   0.429815
 -0.439152   0.287179  -0.851278
-0.0396544  -0.952808  -0.300974

 -0.941185 -0.0969597   0.323683
 -0.337624   0.308116  -0.889424
-0.0134934  -0.946395  -0.322729

 -0.968244 -0.0680415   0.240571
 -0.249951    0.28401  -0.925669
-0.0053406  -0.956404  -0.291998

  -0.978526   -0.043623    0.201452
  -0.206062    0.230471   -0.951011
-0.00494307   -0.972101   -0.234511

  -0.984817   -0.034245    0.170186
   -0.17354    0.219389   -0.960079
-0.00445908   -0.975036   -0.222001

  -0.984894  -0.0319394    0.170186
    -0.1729    0.234951   -0.956506
-0.00943535   -0.971482   -0.236924

 -0.988268 -0.0397858   0.147459
 -0.152486   0.202249   -0.96739
0.00866482  -0.978526  -0.205943

  -0.993516  -0.0208322    0.111769
  -0.113651    0.209068   -0.971274
-0.00313357   -0.977679    -0.21008

 -0.993572 -0.0298693   0.109191
 -0.113169    0.23852  -0.964521
0.00276533  -0.970678  -0.240367

 -0.992242 -0.0239749   0.121989
  -0.12428   0.217055  -0.968216
-0.0032655  -0.975865   -0.21835

 -0.982093 -0.0216905   0.187147
 -0.187318   0.218736  -0.957636
-0.0201642  -0.975543  -0.218882

 -0.979321  -0.031835    0.19979
 -0.201053   0.263048  -0.943601
-0.0225148  -0.964257   -0.26401

 -0.964845 -0.0657328   0.254468
 -0.262802   0.252812   -0.93114
-0.0031262   -0.96528  -0.261199

 -0.962195 -0.0781438    0.26091
 -0.272035   0.228908  -0.934665
  0.013314  -0.970307  -0.241512

 -0.960926 -0.0847151   0.263525
  -0.27658   0.255323  -0.926452
 0.0112006  -0.963138  -0.268777

 -0.961166 -0.0856705   0.262336
 -0.275929   0.281826  -0.918933
0.00479221  -0.955633   -0.29452

 -0.963366 -0.0930801   0.251519
 -0.267158   0.250888   -0.93042
 0.0235004  -0.963531  -0.266564

-0.965802 -0.113488  0.233126
-0.255646  0.266737 -0.929245
0.0432744 -0.957064 -0.286627

-0.965237  -0.10309  0.240186
-0.260209  0.292317  -0.92024
0.0246571 -0.950749  -0.30898

-0.960337 -0.120985  0.251228
-0.275348  0.269282  -0.92286
0.0440011 -0.955432 -0.291914

 -0.967006 -0.0933237   0.237046
 -0.253182   0.248815  -0.934874
 0.0282654  -0.964045  -0.264234

-0.974251 -0.077113   0.21187
-0.225139  0.282072 -0.932603
0.0121532 -0.956289  -0.29217

  -0.97468 -0.0862089   0.206317
 -0.222434   0.279555  -0.934009
  0.022843  -0.956252  -0.291652

 -0.967721 -0.0772287   0.239901
 -0.251877   0.263741  -0.931128
0.00863816  -0.961497  -0.274679

  -0.951911  -0.0883646    0.293354
  -0.306322    0.292132   -0.905994
-0.00564044   -0.952287   -0.305152

 -0.944599 -0.0948716   0.314218
 -0.328015   0.307334  -0.893282
-0.0118227  -0.946861  -0.321426

  -0.947504  -0.0947698    0.305378
  -0.319745    0.279807   -0.905247
0.000343089   -0.955368    -0.29542

  -0.957567  -0.0772592    0.277663
  -0.288055    0.288187   -0.913221
-0.00946396   -0.954453   -0.298213

 -0.961209 -0.0878199   0.261468
 -0.275793   0.319753  -0.906475
-0.0039986  -0.943422  -0.331569

  -0.958569   -0.076791    0.274315
  -0.284724    0.288161   -0.914273
-0.00883902   -0.954498   -0.298086

 -0.958008 -0.0858866   0.273576
 -0.286679   0.267058  -0.920052
0.00595941  -0.959846  -0.280465

 -0.956214 -0.0765914   0.282469
 -0.292199    0.30451  -0.906584
-0.0165781  -0.949425  -0.313556

 -0.944486 -0.0758349   0.319679
 -0.328041   0.271821  -0.904711
-0.0182867  -0.959355  -0.281608

  -0.946147  -0.0730989    0.315377
  -0.323689    0.230524   -0.917652
-0.00562279   -0.970317   -0.241771

 -0.95627 -0.064878  0.285199
-0.292245  0.251441 -0.922697
-0.011848 -0.965696 -0.259406

  -0.963799  -0.0733244     0.25635
  -0.266624    0.271628   -0.924732
-0.00182663   -0.959605   -0.281345

 -0.964005 -0.0737214   0.255462
 -0.265746   0.236003  -0.934709
0.00861836  -0.968952  -0.247099

 -0.961166 -0.0834727   0.263043
 -0.275799   0.256975  -0.926228
0.00971929  -0.962807  -0.270017

  -0.956969  -0.0847034    0.277554
  -0.290184    0.285913   -0.913262
-0.00200007   -0.954504    -0.29819

-0.954159  -0.10331  0.280906
-0.298717  0.270121 -0.915316
0.0186829 -0.957268 -0.288599

  -0.97373 -0.0884183   0.209837
 -0.226011   0.263128  -0.937914
 0.0277148  -0.960701  -0.276199

 -0.988259 -0.0567053   0.141877
 -0.152136   0.279462  -0.948027
 0.0141089  -0.958481  -0.284807

 -0.995811  -0.052626  0.0747688
-0.0869702   0.292848  -0.952196
 0.0282144   -0.95471  -0.296198

 -0.994806 -0.0393306  0.0938793
 -0.101384   0.301072  -0.948197
0.00902864   -0.95279  -0.303496

 -0.984986 -0.0359903    0.16884
 -0.171378   0.321592   -0.93124
 -0.020782  -0.946194  -0.322931

 -0.977564 -0.0447073   0.205839
 -0.208488   0.344631  -0.915294
-0.0300182  -0.937673   -0.34622

  -0.97164 -0.0705654    0.22569
 -0.236315   0.323685  -0.916179
-0.0084019   -0.94353  -0.331181

 -0.974557 -0.0587634   0.216302
 -0.223754   0.311801  -0.923426
-0.0131794  -0.948329  -0.317016

  -0.978919   -0.069812    0.191947
  -0.204246    0.330024   -0.921612
0.000992222   -0.941388   -0.337325

  -0.986199  -0.0512895    0.157417
  -0.165512    0.328833   -0.929771
-0.00407647   -0.942994   -0.332784

 -0.987284 -0.0581146   0.147965
 -0.158491   0.287825  -0.944477
 0.0122999  -0.955918  -0.293376

 -0.982171 -0.0731413   0.173178
   -0.1874   0.307984  -0.932753
 0.0148866  -0.948576  -0.316199

 -0.971569 -0.0871701   0.220123
  -0.23664   0.328659  -0.914322
  0.007356  -0.940417  -0.339943

-0.959828 -0.106032  0.259784
-0.280039  0.304054 -0.910565
0.0175607 -0.946736 -0.321532

 -0.957618 -0.0970968   0.271183
 -0.287953   0.299423  -0.909631
0.00712387  -0.949167  -0.314692

 -0.947306  -0.110589   0.300635
 -0.320271   0.309007  -0.895512
0.00613555  -0.944609  -0.328142

    -0.9377  -0.0998359    0.332793
  -0.347306    0.296504   -0.889643
-0.00985638   -0.949799   -0.312706

  -0.921191    -0.10286     0.37527
  -0.389111    0.241542    -0.88896
0.000794451   -0.964924    -0.26253

 -0.911575 -0.0923746   0.400623
  -0.41061   0.253767  -0.875786
-0.0207646  -0.962844  -0.269258

 -0.912962 -0.0906033   0.397859
 -0.406471   0.287491  -0.867254
-0.0358048  -0.953488  -0.299296

 -0.922468  -0.089521   0.375551
 -0.385296    0.27518  -0.880808
-0.0244934  -0.957216  -0.288337

   -0.945958   -0.0933912     0.310549
   -0.324287     0.274946     -0.90512
-0.000853988    -0.956913    -0.290373

-0.958003 -0.108701  0.265358
-0.286262  0.308063 -0.907277
0.0168747 -0.945136 -0.326242

 -0.957283 -0.0915865   0.274264
 -0.289144   0.296224  -0.910301
 0.0021278  -0.950717  -0.310052

 -0.947159 -0.0789744    0.31089
 -0.320477   0.273988  -0.906767
-0.0135687  -0.958485   -0.28482

 -0.938558 -0.0959321   0.331522
 -0.344847   0.299016  -0.889758
 -0.013774  -0.949414  -0.313726

 -0.936445  -0.105791   0.334483
 -0.350459   0.325008  -0.878378
-0.0157849  -0.939776  -0.341427

 -0.934342  -0.110147   0.338929
 -0.356375   0.284956   -0.88983
0.00143224  -0.952191    -0.3055

  -0.945858  -0.0912732    0.311484
  -0.324569      0.2745   -0.905155
-0.00288614   -0.957246   -0.289262

-0.940367 -0.125541  0.316147
-0.339746  0.300729 -0.891143
0.0168004 -0.945411 -0.325447

-0.921579 -0.136162  0.363527
-0.387903  0.286975 -0.875886
0.0149395 -0.948212 -0.317288

-0.859626 -0.150563  0.488235
-0.510233  0.203294 -0.835664
0.0265648 -0.967472  -0.25158

  -0.74564  -0.191064   0.638369
 -0.666175    0.23561  -0.707601
-0.0152095  -0.952881  -0.302962

 -0.584657  -0.265447   0.766625
 -0.811215   0.203325  -0.548261
-0.0103404  -0.942442   -0.33421

-0.395978 -0.309032  0.864697
-0.916875 0.0813576 -0.390796
0.0504187 -0.947566 -0.315559

 -0.226387  -0.315662    0.92147
 -0.969632 -0.0168355  -0.243987
 0.0925307  -0.948722  -0.302264

 0.0113646  -0.295294   0.955339
 -0.994263  -0.104959 -0.0206149
  0.106358  -0.949624  -0.294793

 0.255239 -0.263983  0.930143
-0.962665 -0.159097   0.21901
0.0901679 -0.951316 -0.294735

 0.438085  -0.22074   0.87141
-0.895945   -0.1862  0.403252
0.0732422 -0.957394 -0.279342

 0.586189 -0.190301  0.787508
-0.807604 -0.214625  0.549284
0.0644893 -0.957978 -0.279498

  0.73084 -0.179518  0.658518
 -0.68133 -0.249508  0.688139
0.0407726 -0.951588 -0.304661

 0.837809 -0.171926  0.518187
-0.545769 -0.289044  0.786505
0.0145582 -0.941751 -0.335996

 0.894934 -0.117588  0.430426
-0.445171  -0.30074  0.843432
0.0302687 -0.946429 -0.321489

  0.935489 -0.0714044   0.346066
  -0.35038  -0.314284   0.882304
 0.0457626   -0.94664  -0.319028

 0.977807  -0.04279   0.20509
-0.208036 -0.314064  0.926329
0.0247736 -0.948437 -0.315996

  0.995277 -0.0250234  0.0937905
-0.0967281  -0.336827   0.936585
0.00815457  -0.941234  -0.337657

   0.99985  0.0124078 -0.0120393
 0.0153294  -0.314257   0.949214
0.00799416  -0.949257    -0.3144

  0.979729   0.036393  -0.196995
   0.19782  -0.330886   0.922704
-0.0316029  -0.942969  -0.331377

  0.954461  0.0719502  -0.289531
  0.296637  -0.332326   0.895302
-0.0318014  -0.940416  -0.338535

 0.932181 0.0890177 -0.350876
  0.36158 -0.275197  0.890801
-0.017263 -0.957258  -0.28872

   0.942157   0.0825746    -0.32484
   0.335106   -0.251247    0.908064
-0.00663217   -0.964395   -0.264385

  0.955205  0.0611282  -0.289564
  0.295299  -0.261521   0.918915
-0.0195555   -0.96326  -0.267857

  0.958507  0.0517922  -0.280323
  0.283774  -0.266937   0.920987
-0.0271286  -0.962321  -0.270558

 0.945716    0.0302 -0.323589
  0.32225 -0.216274  0.921618
-0.042151 -0.975866 -0.214265

  0.938873  0.0313883   -0.34283
  0.341062  -0.220313   0.913859
-0.0468456  -0.974924  -0.217551

   0.91743  0.0434182  -0.395521
  0.393155  -0.251927   0.884286
-0.0612482  -0.966772  -0.248195

  0.907792  0.0622911   -0.41477
  0.418127  -0.212034   0.883296
-0.0329239  -0.975275  -0.218528

 0.952083 0.0687875 -0.298003
  0.30557 -0.173068  0.936309
0.0128314 -0.982505 -0.185795

   0.955924   0.0673734   -0.285779
   0.293541   -0.240889    0.925098
-0.00651428   -0.968211   -0.250049

  0.963492  0.0228651   -0.26676
  0.263304  -0.261502   0.928595
-0.0485259  -0.964932  -0.257975

  0.969463  -0.028482   -0.24358
    0.2317  -0.219078   0.947798
-0.0803582  -0.975292  -0.205788

  0.963614 -0.0299228  -0.265618
  0.251819  -0.231629   0.939647
-0.0896416  -0.972344  -0.215666

  0.964571 -0.0126548  -0.263521
  0.252038  -0.251028   0.934592
-0.0779782  -0.967897  -0.238944

  0.975214 -0.0198574  -0.220371
  0.214148  -0.165846   0.962619
-0.0556629  -0.985952  -0.157483

  0.984516 -0.0244149  -0.173588
  0.165783  -0.192121   0.967267
-0.0569658  -0.981068  -0.185099

   0.986897 0.000739581   -0.161352
   0.156901   -0.237714    0.958579
 -0.0376468   -0.971335   -0.234716

  0.987427  0.0137487  -0.157475
  0.156524  -0.224184   0.961895
-0.0220785   -0.97445  -0.223517

 0.989958 0.0406977 -0.135377
 0.140281 -0.164628  0.976329
0.0174474 -0.985516 -0.168684

   0.984203   0.0241264   -0.175392
   0.176928   -0.169869    0.969454
-0.00640427   -0.985171   -0.171454

  0.980372 0.00544843  -0.197084
  0.195965  -0.136785   0.971024
-0.0216676  -0.990586  -0.135168

    0.97862 -0.00397052    -0.20564
   0.204059   -0.106461    0.973153
 -0.0257566   -0.994309   -0.103375

   0.98235 -0.0139842  -0.186531
  0.183527  -0.120684   0.975578
 -0.036154  -0.992593  -0.115988

   0.982967 -0.00224937   -0.183765
